    0.0   3.200   
    3.5   3.200  
    4.0   3.650 
   34.0   3.750 
   36.0   4.600    
   60.0   4.600 
   75.0   4.600 
  100.0   4.600 
  125.0   4.500  
  150.0   4.500 
  175.0   4.500
  200.0   4.480  
  225.0   4.480  
  250.0   4.480 
  275.0   4.510   
  300.0   4.570  
  325.0   4.630   
  350.0   4.680   
  375.0   4.730   
  395.0   4.770 
  414.0   4.810   
  416.0   5.050  
  425.0   5.070  
  450.0   5.110  
  475.0   5.150   
  500.0   5.190  
  525.0   5.250   
  550.0   5.290  
  575.0   5.330 
  600.0   5.390   
  625.0   5.450   
  645.0   5.520   
  654.0   5.620   
  656.0   5.830   
  675.0   5.950   
  700.0   6.070   
  725.0   6.140   
  750.0   6.190   
  775.0   6.220   
  800.0   6.240   
  825.0   6.260
  850.0   6.279
  875.0   6.296  
  900.0   6.313  
  925.0   6.330   
  950.0   6.346   
  975.0   6.363   
 1000.0   6.380  
 1025.0   6.396  
 1050.0   6.411  
 1075.0   6.427  
 1100.0   6.443 
 1125.0   6.458  
 1150.0   6.474  
 1162.5   6.481
 1175.0   6.489 
 1187.5   6.497
 1200.0   6.504 
 1212.5   6.511
 1225.0   6.518  
 1237.5   6.525
 1250.0   6.532 
 1262.5   6.539
 1275.0   6.547  
 1287.5   6.554
 1300.0   6.561  
 1312.5   6.568
 1325.0   6.575  
 1337.5   6.582
 1350.0   6.589  
 1362.5   6.596
 1375.0   6.603  
 1387.5   6.610
 1400.0   6.617  
 1412.5   6.624
 1425.0   6.630  
 1437.5   6.637
 1450.0   6.643 
 1462.5   6.650
 1475.0   6.657 
 1487.5   6.664
 1500.0   6.670 
 1512.5   6.677
 1525.0   6.683  
 1537.5   6.690
 1550.0   6.696  
 1562.5   6.703
 1575.0   6.709  
 1587.5   6.716
 1600.0   6.722 
 1612.5   6.728
 1625.0   6.734  
 1637.5   6.741
 1650.0   6.747  
 1662.5   6.753
 1675.0   6.759 
 1687.5   6.766
 1700.0   6.772  
 1712.5   6.778
 1725.0   6.784  
 1737.5   6.790
 1750.0   6.796  
 1762.5   6.803
 1775.0   6.809  
 1787.5   6.815
 1800.0   6.821  
 1812.5   6.827
 1825.0   6.833  
 1837.5   6.839
 1850.0   6.845  
 1862.5   6.850
 1875.0   6.856  
 1887.5   6.862
 1900.0   6.868  
 1912.5   6.873
 1925.0   6.879  
 1937.5   6.885
 1950.0   6.891  
 1962.5   6.896
 1975.0   6.902 
 1987.5   6.908
 2000.0   6.914  
 2012.5   6.919
 2025.0   6.925 
 2037.5   6.931
 2050.0   6.937  
 2062.5   6.942
 2075.0   6.948  
 2087.5   6.954
 2100.0   6.960  
 2112.5   6.965
 2125.0   6.971  
 2137.5   6.977
 2150.0   6.983  
 2162.5   6.988 
 2175.0   6.994  
 2187.5   6.999
 2200.0   7.005  
 2212.5   7.010 
 2225.0   7.016  
 2237.5   7.021
 2250.0   7.027  
 2262.5   7.032
 2275.0   7.038  
 2287.5   7.043 
 2300.0   7.049  
 2312.5   7.055
 2325.0   7.060  
 2337.5   7.065
 2350.0   7.071  
 2362.5   7.077
 2375.0   7.083  
 2387.5   7.089
 2400.0   7.094  
 2412.5   7.099 
 2425.0   7.105  
 2437.5   7.110
 2450.0   7.116  
 2462.5   7.122 
 2475.0   7.127  
 2487.5   7.132
 2500.0   7.138  
 2512.5   7.143
 2525.0   7.149  
 2537.5   7.155
 2550.0   7.161
 2562.5   7.166
 2575.0   7.171  
 2587.5   7.176 
 2600.0   7.182  
 2612.5   7.191 
 2625.0   7.200  
 2637.5   7.222
 2650.0   7.245  
 2662.5   7.267
 2675.0   7.290  
 2687.5   7.287
 2700.0   7.285  
 2712.5   7.283
 2725.0   7.280  
 2737.5   7.277 
 2750.0   7.275  
 2762.5   7.273 
 2775.0   7.270  
 2787.5   7.267  
 2800.0   7.265  
 2811.4   7.264  
 2822.8   7.263  
 2834.1   7.261  
 2845.5   7.260  
 2856.9   7.259  
 2868.2   7.257
 2879.6   7.256 
 2891.0   7.255 
 2891.1   8.009  
 2911.0   8.046 
 2931.0   8.082  
 2951.0   8.119  
 2971.0   8.155  
 2996.0   8.199  
 3021.0   8.242  
 3046.0   8.285  
 3071.0   8.328  
 3096.0   8.369  
 3121.0   8.410  
 3146.0   8.451  
 3171.0   8.492  
 3196.0   8.530  
 3221.0   8.569  
 3246.0   8.608  
 3271.0   8.646  
 3296.0   8.682  
 3321.0   8.718  
 3346.0   8.754  
 3371.0   8.790  
 3396.0   8.824  
 3421.0   8.858  
 3446.0   8.892  
 3471.0   8.926  
 3496.0   8.957  
 3521.0   8.988  
 3546.0   9.019  
 3571.0   9.050  
 3596.0   9.080  
 3621.0   9.109  
 3646.0   9.138  
 3671.0   9.168  
 3696.0   9.196  
 3721.0   9.223  
 3746.0   9.251  
 3771.0   9.279  
 3796.0   9.305  
 3821.0   9.331  
 3846.0   9.358  
 3871.0   9.384  
 3896.0   9.409  
 3921.0   9.434  
 3946.0   9.459  
 3971.0   9.484  
 3996.0   9.508  
 4021.0   9.532  
 4046.0   9.555  
 4071.0   9.579  
 4096.0   9.601  
 4121.0   9.624  
 4146.0   9.646  
 4171.0   9.669  
 4196.0   9.690  
 4221.0   9.711  
 4246.0   9.733  
 4271.0   9.754  
 4296.0   9.774  
 4321.0   9.794  
 4346.0   9.815  
 4371.0   9.835  
 4396.0   9.854  
 4421.0   9.873  
 4446.0   9.893  
 4471.0   9.912  
 4496.0   9.930  
 4521.0   9.949  
 4546.0   9.967  
 4571.0   9.986  
 4596.0  10.003  
 4621.0  10.021  
 4646.0  10.038  
 4671.0  10.056  
 4696.0  10.073  
 4721.0  10.090  
 4746.0  10.106  
 4771.0  10.122  
 4796.0  10.139  
 4821.0  10.155  
 4846.0  10.171  
 4871.0  10.187  
 4896.0  10.203  
 4921.0  10.219  
 4946.0  10.234  
 4971.0  10.250  
 4996.0  10.265  
 5021.0  10.280 
 5046.0  10.295  
 5071.0  10.310  
 5110.0  10.333  
 5129.5  10.344  
 5149.0  10.356  
 5150.0  11.028  
 5171.0  11.036  
 5271.0  11.072  
 5371.0  11.105  
 5471.0  11.135  
 5571.0  11.162  
 5671.0  11.185  
 5771.0  11.206  
 5871.0  11.223  
 5971.0  11.237  
 6071.0  11.248  
 6171.0  11.256  
