 0.474955E+00
 0.474105E+00
 0.473253E+00
 0.472415E+00
 0.471586E+00
 0.470773E+00
 0.469932E+00
 0.469110E+00
 0.468298E+00
 0.467470E+00
 0.466636E+00
 0.465806E+00
 0.464994E+00
 0.464174E+00
 0.463357E+00
 0.462520E+00
 0.461716E+00
 0.460909E+00
 0.460105E+00
 0.459282E+00
 0.458470E+00
 0.457680E+00
 0.456866E+00
 0.456069E+00
 0.455319E+00
 0.454547E+00
 0.453747E+00
 0.452994E+00
 0.452240E+00
 0.451483E+00
 0.450741E+00
 0.449982E+00
 0.449229E+00
 0.448477E+00
 0.447713E+00
 0.446970E+00
 0.446195E+00
 0.445450E+00
 0.444664E+00
 0.443904E+00
 0.443135E+00
 0.442367E+00
 0.441584E+00
 0.440818E+00
 0.440025E+00
 0.439276E+00
 0.438507E+00
 0.437756E+00
 0.437022E+00
 0.436301E+00
 0.435580E+00
 0.434871E+00
 0.434150E+00
 0.433460E+00
 0.432749E+00
 0.432064E+00
 0.431382E+00
 0.430690E+00
 0.430006E+00
 0.429305E+00
 0.428612E+00
 0.427955E+00
 0.427246E+00
 0.426566E+00
 0.425870E+00
 0.425172E+00
 0.424479E+00
 0.423774E+00
 0.423070E+00
 0.422381E+00
 0.421671E+00
 0.420990E+00
 0.420290E+00
 0.419594E+00
 0.418892E+00
 0.418195E+00
 0.417501E+00
 0.416818E+00
 0.416116E+00
 0.415437E+00
 0.414754E+00
 0.414075E+00
 0.413394E+00
 0.412721E+00
 0.412065E+00
 0.411414E+00
 0.410747E+00
 0.410110E+00
 0.409485E+00
 0.408826E+00
 0.408187E+00
 0.407556E+00
 0.406918E+00
 0.406289E+00
 0.405649E+00
 0.405034E+00
 0.404386E+00
 0.403752E+00
 0.403121E+00
 0.402492E+00
 0.401864E+00
 0.401220E+00
 0.400584E+00
 0.399968E+00
 0.399337E+00
 0.398708E+00
 0.398083E+00
 0.397467E+00
 0.396855E+00
 0.396247E+00
 0.395622E+00
 0.395024E+00
 0.394423E+00
 0.393823E+00
 0.393218E+00
 0.392606E+00
 0.392007E+00
 0.391413E+00
 0.390786E+00
 0.390187E+00
 0.389603E+00
 0.388984E+00
 0.388390E+00
 0.387786E+00
 0.387311E+00
 0.387868E+00
 0.395426E+00
 0.438429E+00
 0.619054E+00
 0.122503E+01
 0.290577E+01
 0.685906E+01
 0.149138E+02
 0.293932E+02
 0.527239E+02
 0.868847E+02
 0.132874E+03
 0.190375E+03
 0.257718E+03
 0.332120E+03
 0.410112E+03
 0.488028E+03
 0.562441E+03
 0.630481E+03
 0.690010E+03
 0.739672E+03
 0.778843E+03
 0.807519E+03
 0.826176E+03
 0.835626E+03
 0.836889E+03
 0.831088E+03
 0.819361E+03
 0.802804E+03
 0.782433E+03
 0.759160E+03
 0.733783E+03
 0.706986E+03
 0.679342E+03
 0.651325E+03
 0.623317E+03
 0.595620E+03
 0.568471E+03
 0.542048E+03
 0.516479E+03
 0.491855E+03
 0.468235E+03
 0.445651E+03
 0.424115E+03
 0.403624E+03
 0.384162E+03
 0.365704E+03
 0.348219E+03
 0.331670E+03
 0.316020E+03
 0.301226E+03
 0.287247E+03
 0.274041E+03
 0.261567E+03
 0.249785E+03
 0.238656E+03
 0.228142E+03
 0.218206E+03
 0.208816E+03
 0.199938E+03
 0.191541E+03
 0.183597E+03
 0.176078E+03
 0.168958E+03
 0.162213E+03
 0.155820E+03
 0.149758E+03
 0.144007E+03
 0.138549E+03
 0.133365E+03
 0.128440E+03
 0.123758E+03
 0.119305E+03
 0.115068E+03
 0.111034E+03
 0.107190E+03
 0.103528E+03
 0.100035E+03
 0.967034E+02
 0.935230E+02
 0.904858E+02
 0.875838E+02
 0.848098E+02
 0.821567E+02
 0.796181E+02
 0.771880E+02
 0.748605E+02
 0.726304E+02
 0.704926E+02
 0.684423E+02
 0.664751E+02
 0.645868E+02
 0.627734E+02
 0.610313E+02
 0.593570E+02
 0.577472E+02
 0.561986E+02
 0.547086E+02
 0.532742E+02
 0.518928E+02
 0.505620E+02
 0.492794E+02
 0.480429E+02
 0.468504E+02
 0.456998E+02
 0.445893E+02
 0.435173E+02
 0.424819E+02
 0.414816E+02
 0.405148E+02
 0.395803E+02
 0.386765E+02
 0.378023E+02
 0.369563E+02
 0.361375E+02
 0.353446E+02
 0.345768E+02
 0.338329E+02
 0.331119E+02
 0.324131E+02
 0.317355E+02
 0.310783E+02
 0.304407E+02
 0.298219E+02
 0.292213E+02
 0.286382E+02
 0.280719E+02
 0.275218E+02
 0.269874E+02
 0.264679E+02
 0.259630E+02
 0.254720E+02
 0.249945E+02
 0.245300E+02
 0.240781E+02
 0.236383E+02
 0.232101E+02
 0.227933E+02
 0.223874E+02
 0.219920E+02
 0.216068E+02
 0.212315E+02
 0.208657E+02
 0.205091E+02
 0.201614E+02
 0.198224E+02
 0.194917E+02
 0.191691E+02
 0.188543E+02
 0.185471E+02
 0.182472E+02
 0.179544E+02
 0.176685E+02
 0.173894E+02
 0.171167E+02
 0.168503E+02
 0.165900E+02
 0.163357E+02
 0.160871E+02
 0.158440E+02
 0.156064E+02
 0.153741E+02
 0.151469E+02
 0.149246E+02
 0.147071E+02
 0.144943E+02
 0.142861E+02
 0.140823E+02
 0.138829E+02
 0.136876E+02
 0.134964E+02
 0.133091E+02
 0.131257E+02
 0.129461E+02
 0.127701E+02
 0.125976E+02
 0.124286E+02
 0.122630E+02
 0.121007E+02
 0.119415E+02
 0.117855E+02
 0.116325E+02
 0.114825E+02
 0.113353E+02
 0.111910E+02
 0.110494E+02
 0.109105E+02
 0.107742E+02
 0.106404E+02
 0.105091E+02
 0.103803E+02
 0.102538E+02
 0.101297E+02
 0.100078E+02
 0.988807E+01
 0.977049E+01
 0.965502E+01
 0.954159E+01
 0.943016E+01
 0.932068E+01
 0.921311E+01
 0.910740E+01
 0.900350E+01
 0.890137E+01
 0.880100E+01
 0.870233E+01
 0.860531E+01
 0.850993E+01
 0.841613E+01
 0.832393E+01
 0.823322E+01
 0.814399E+01
 0.805626E+01
 0.796996E+01
 0.788504E+01
 0.780148E+01
 0.771929E+01
 0.763838E+01
 0.755875E+01
 0.748037E+01
 0.740323E+01
 0.732729E+01
 0.725253E+01
 0.717890E+01
 0.710645E+01
 0.703511E+01
 0.696484E+01
 0.689564E+01
 0.682748E+01
 0.676037E+01
 0.669425E+01
 0.662912E+01
 0.656495E+01
 0.650173E+01
 0.643944E+01
 0.637802E+01
 0.631752E+01
 0.625791E+01
 0.619913E+01
 0.614119E+01
 0.608407E+01
 0.602778E+01
 0.597227E+01
 0.591754E+01
 0.586359E+01
 0.581039E+01
 0.575792E+01
 0.570617E+01
 0.565515E+01
 0.560485E+01
 0.555523E+01
 0.550626E+01
 0.545797E+01
 0.541036E+01
 0.536336E+01
 0.531699E+01
 0.527125E+01
 0.522611E+01
 0.518155E+01
 0.513757E+01
 0.509416E+01
 0.505133E+01
 0.500902E+01
 0.496725E+01
 0.492603E+01
 0.488532E+01
 0.484511E+01
 0.480541E+01
 0.476622E+01
 0.472753E+01
 0.468931E+01
 0.465156E+01
 0.461430E+01
 0.457751E+01
 0.454116E+01
 0.450525E+01
 0.446981E+01
 0.443479E+01
 0.440020E+01
 0.436602E+01
 0.433228E+01
 0.429892E+01
 0.426595E+01
 0.423339E+01
 0.420121E+01
 0.416942E+01
 0.413799E+01
 0.410690E+01
 0.407624E+01
 0.404587E+01
 0.401589E+01
 0.398622E+01
 0.395695E+01
 0.392795E+01
 0.389931E+01
 0.387101E+01
 0.384301E+01
 0.381535E+01
 0.378792E+01
 0.376087E+01
 0.373409E+01
 0.370760E+01
 0.368142E+01
 0.365552E+01
 0.362991E+01
 0.360456E+01
 0.357952E+01
 0.355474E+01
 0.353024E+01
 0.350600E+01
 0.348202E+01
 0.345829E+01
 0.343481E+01
 0.341159E+01
 0.338860E+01
 0.336586E+01
 0.334335E+01
 0.332106E+01
 0.329903E+01
 0.327722E+01
 0.325564E+01
 0.323430E+01
 0.321318E+01
 0.319226E+01
 0.317158E+01
 0.315111E+01
 0.313083E+01
 0.311076E+01
 0.309089E+01
 0.307122E+01
 0.305175E+01
 0.303246E+01
 0.301336E+01
 0.299444E+01
 0.297571E+01
 0.295717E+01
 0.293883E+01
 0.292066E+01
 0.290268E+01
 0.288487E+01
 0.286721E+01
 0.284976E+01
 0.283247E+01
 0.281534E+01
 0.279837E+01
 0.278159E+01
 0.276493E+01
 0.274842E+01
 0.273209E+01
 0.271593E+01
 0.269990E+01
 0.268401E+01
 0.266828E+01
 0.265269E+01
 0.263727E+01
 0.262196E+01
 0.260679E+01
 0.259179E+01
 0.257690E+01
 0.256215E+01
 0.254754E+01
 0.253305E+01
 0.251871E+01
 0.250448E+01
 0.249037E+01
 0.247641E+01
 0.246257E+01
 0.244884E+01
 0.243524E+01
 0.242175E+01
 0.240840E+01
 0.239513E+01
 0.238199E+01
 0.236897E+01
 0.235603E+01
 0.234321E+01
 0.233053E+01
 0.231793E+01
 0.230547E+01
 0.229310E+01
 0.228085E+01
 0.226872E+01
 0.225669E+01
 0.224477E+01
 0.223296E+01
 0.222124E+01
 0.220964E+01
 0.219811E+01
 0.218669E+01
 0.217538E+01
 0.216414E+01
 0.215299E+01
 0.214195E+01
 0.213099E+01
 0.212013E+01
 0.210933E+01
 0.209863E+01
 0.208804E+01
 0.207750E+01
 0.206705E+01
 0.205671E+01
 0.204646E+01
 0.203627E+01
 0.202618E+01
 0.201615E+01
 0.200623E+01
 0.199635E+01
 0.198657E+01
 0.197687E+01
 0.196722E+01
 0.195766E+01
 0.194815E+01
 0.193875E+01
 0.192939E+01
 0.192013E+01
 0.191092E+01
 0.190180E+01
 0.189270E+01
 0.188370E+01
 0.187478E+01
 0.186592E+01
 0.185716E+01
 0.184845E+01
 0.183980E+01
 0.183121E+01
 0.182269E+01
 0.181422E+01
 0.180583E+01
 0.179750E+01
 0.178923E+01
 0.178103E+01
 0.177288E+01
 0.176477E+01
 0.175675E+01
 0.174877E+01
 0.174089E+01
 0.173305E+01
 0.172529E+01
 0.171758E+01
 0.170992E+01
 0.170231E+01
 0.169479E+01
 0.168729E+01
 0.167986E+01
 0.167248E+01
 0.166514E+01
 0.165785E+01
 0.165063E+01
 0.164344E+01
 0.163630E+01
 0.162921E+01
 0.162220E+01
 0.161521E+01
 0.160830E+01
 0.160142E+01
 0.159457E+01
 0.158776E+01
 0.158102E+01
 0.157430E+01
 0.156763E+01
 0.156099E+01
 0.155442E+01
 0.154787E+01
 0.154139E+01
 0.153491E+01
 0.152852E+01
 0.152216E+01
 0.151587E+01
 0.150959E+01
 0.150338E+01
 0.149718E+01
 0.149106E+01
 0.148496E+01
 0.147893E+01
 0.147291E+01
 0.146697E+01
 0.146104E+01
 0.145518E+01
 0.144935E+01
 0.144357E+01
 0.143778E+01
 0.143208E+01
 0.142640E+01
 0.142076E+01
 0.141513E+01
 0.140956E+01
 0.140399E+01
 0.139847E+01
 0.139296E+01
 0.138754E+01
 0.138214E+01
 0.137676E+01
 0.137143E+01
 0.136616E+01
 0.136090E+01
 0.135566E+01
 0.135045E+01
 0.134531E+01
 0.134019E+01
 0.133509E+01
 0.133003E+01
 0.132501E+01
 0.132000E+01
 0.131503E+01
 0.131009E+01
 0.130520E+01
 0.130031E+01
 0.129546E+01
 0.129064E+01
 0.128584E+01
 0.128107E+01
 0.127632E+01
 0.127161E+01
 0.126693E+01
 0.126227E+01
 0.125766E+01
 0.125308E+01
 0.124852E+01
 0.124398E+01
 0.123948E+01
 0.123503E+01
 0.123058E+01
 0.122614E+01
 0.122176E+01
 0.121739E+01
 0.121308E+01
 0.120873E+01
 0.120445E+01
 0.120018E+01
 0.119589E+01
 0.119169E+01
 0.118752E+01
 0.118332E+01
 0.117915E+01
 0.117501E+01
 0.117090E+01
 0.116682E+01
 0.116283E+01
 0.115878E+01
 0.115476E+01
 0.115081E+01
 0.114685E+01
 0.114286E+01
 0.113899E+01
 0.113506E+01
 0.113129E+01
 0.112739E+01
 0.112355E+01
 0.111981E+01
 0.111600E+01
 0.111222E+01
 0.110851E+01
 0.110485E+01
 0.110112E+01
 0.109743E+01
 0.109379E+01
 0.109020E+01
 0.108656E+01
 0.108291E+01
 0.107939E+01
 0.107583E+01
 0.107228E+01
 0.106873E+01
 0.106522E+01
 0.106179E+01
 0.105834E+01
 0.105488E+01
 0.105148E+01
 0.104815E+01
 0.104478E+01
 0.104140E+01
 0.103807E+01
 0.103475E+01
 0.103147E+01
 0.102814E+01
 0.102486E+01
 0.102162E+01
 0.101838E+01
 0.101514E+01
 0.101194E+01
 0.100875E+01
 0.100557E+01
 0.100242E+01
 0.999281E+00
 0.996165E+00
 0.993068E+00
 0.989983E+00
 0.986916E+00
 0.983876E+00
 0.980850E+00
 0.977852E+00
 0.974868E+00
 0.971892E+00
 0.968950E+00
 0.966023E+00
 0.963099E+00
 0.960195E+00
 0.957276E+00
 0.954401E+00
 0.951505E+00
 0.948653E+00
 0.945786E+00
 0.942946E+00
 0.940110E+00
 0.937291E+00
 0.934494E+00
 0.931720E+00
 0.928936E+00
 0.926166E+00
 0.923409E+00
 0.920690E+00
 0.917967E+00
 0.915247E+00
 0.912532E+00
 0.909841E+00
 0.907154E+00
 0.904480E+00
 0.901830E+00
 0.899202E+00
 0.896590E+00
 0.893986E+00
 0.891408E+00
 0.888832E+00
 0.886294E+00
 0.883741E+00
 0.881231E+00
 0.878731E+00
 0.876237E+00
 0.873750E+00
 0.871289E+00
 0.868815E+00
 0.866360E+00
 0.863909E+00
 0.861485E+00
 0.859064E+00
 0.856683E+00
 0.854274E+00
 0.851914E+00
 0.849539E+00
 0.847199E+00
 0.844848E+00
 0.842525E+00
 0.840197E+00
 0.837889E+00
 0.835575E+00
 0.833295E+00
 0.831002E+00
 0.828721E+00
 0.826440E+00
 0.824175E+00
 0.821907E+00
 0.819681E+00
 0.817439E+00
 0.815219E+00
 0.813002E+00
 0.810814E+00
 0.808627E+00
 0.806455E+00
 0.804267E+00
 0.802141E+00
 0.799966E+00
 0.797832E+00
 0.795713E+00
 0.793630E+00
 0.791503E+00
 0.789383E+00
 0.787290E+00
 0.785233E+00
 0.783139E+00
 0.781071E+00
 0.779021E+00
 0.776981E+00
 0.774926E+00
 0.772885E+00
 0.770855E+00
