201310010338
201310041726
201310061638
201310062133
201310120210
201310230823
201311230748
201401130401
201402010358
201402120919
201402262113
201403020937
201404041140
201404110707
201404112029
201404150357
201404240310
201405121838
201407071123
201407081256
201407211454
201407270128
201407291046
201408030830
201408241020
201409060653
201409241116
201411021717
201411171652
201412020511
201412062205
201412102103
201412302117
201502131859
201503060822
201503102055
201504161807
201504241356
201504260709
201505120705
201505152026
201505191525
201505200030
201505240453
201505290700
201505301123
201506101352
201506171251
201506212128
201506231218
201507290235
201509181559
201509220713
201510230404
201704031740
201704050609
